0.0000 0.3420 0.6428 0.8660 0.9848 0.9848 0.8660 0.6428 0.3420 0.0000 
0.0000 0.2402 0.4515 0.6083 0.6917 0.6917 0.6083 0.4515 0.2402 0.0000 
0.0000 0.1679 0.3155 0.4250 0.4833 0.4833 0.4250 0.3155 0.1679 0.0000 
0.0000 0.1166 0.2191 0.2952 0.3357 0.3357 0.2952 0.2191 0.1166 0.0000 
0.0000 0.0805 0.1513 0.2038 0.2318 0.2318 0.2038 0.1513 0.0805 0.0000 
0.0000 0.0554 0.1041 0.1403 0.1595 0.1595 0.1403 0.1041 0.0554 0.0000 
0.0000 0.0383 0.0719 0.0969 0.1101 0.1101 0.0969 0.0719 0.0383 0.0000 
0.0000 0.0268 0.0504 0.0679 0.0772 0.0772 0.0679 0.0504 0.0268 0.0000 
0.0000 0.0194 0.0365 0.0491 0.0559 0.0559 0.0491 0.0365 0.0194 0.0000 
0.0000 0.0148 0.0278 0.0374 0.0426 0.0426 0.0374 0.0278 0.0148 0.0000 
